rJ6QhWmlG	SkWJSeQlf	Hyw5N1mgM	BJdHbjzef	By7oz84xG	rJ8BPeQxG	B1DA5bQez	HktHigXgM	SJlJLiMlz	HJuXr3Mlz	Skx5Zl7gM	Hy0Q7lXgz	r1WEkhzgz	r1WoJxmgG	BJpmFx7xG	HJ5nUZQxz	HJT8c1mgM	SySxTyXgz
10	2	1	2	15	3	1	6	6	8	2	5	1	1	3	4	2	17
33	8	6	17	37	14	4	31	11	26	24	18	25	17	16	26	5	40
55	19	13	42	60	26	11	64	19	52	45	33	58	39	46	55	8	50
76	23	18	60	76	39	18	85	41	73	63	47	82	57	83	76	10	53
95	12	22	63	92	51	21	105	80	81	73	62	94	58	104	86	14	42
72	20	23	57	107	58	25	89	119	85	76	79	79	38	105	73	15	26
28	33	25	55	90	63	31	48	127	82	75	90	5	11	60	1	19	27
0	45	33	53	56	43	38	3	127	74	65	95	0	9	3	0	23	39
0	57	44	55	23	13	45	15	127	50	39	101	0	12	0	0	30	54
0	67	51	53	11	0	52	51	124	10	5	86	0	19	0	0	45	61
0	69	52	50	1	0	62	86	5	0	2	66	0	30	11	17	63	69
0	55	39	8	0	0	57	107	0	0	12	38	0	41	49	44	74	54
0	17	23	0	0	0	26	116	0	1	40	54	0	54	84	66	81	3
19	4	14	0	0	0	11	88	1	11	60	75	10	52	106	87	78	0
45	1	12	0	0	1	11	31	15	33	68	85	44	37	114	87	51
68	0	12	0	1	11	17	0	52	57	81	94	76	13	92	62	3
82	0	13	0	15	23	25	2	99	74	83	99	87	4	37	2	0
80	0	18	3	33	34	39	40	127	82	78	82	74	0	0	0
57	0	25	17	48	45	61	96	127	85	61	33	8
0	5	30	34	68	53	72	117	127	85	33	0	0
0	17	29	47	82	58	88	119	127	85	4
0	20	29	47	95	67	90	105	127	83	0
0	13	34	47	103	67	102	66	127	38
0	23	46	44	112	43	80	3	55	0
0	37	53	45	117	28	1	0	0
0	44	58	49	102	12	0
12	51	57	44	79	0
38	57	46	47	45
66	64	5	38	0
86	43	0	8
83	0	0
44
2
0
