r1WoJxmgG	HktHigXgM	SJlJLiMlz	Skx5Zl7gM	Hy0Q7lXgz	By7oz84xG	r1WEkhzgz	rJ8BPeQxG	Hyw5N1mgM	SySxTyXgz	HJuXr3Mlz	rJ6QhWmlG	BJdHbjzef	HJT8c1mgM	HJ5nUZQxz	BJpmFx7xG	SkWJSeQlf	B1DA5bQez
10	30	56	2	2	43	3	1	8	1	20	1	8	1	4	3	14	5	
35	75	116	6	3	87	10	7	20	6	67	6	31	10	42	22	38	18	
61	53	63	18	5	104	17	30	31	34	96	10	47	31	77	52	58	32	
74	55	0	35	6	69	24	71	36	56	89	13	51	65	93	38	42	50	
83	78	35	53	7	0	23	95	40	66	34	16	11	83	98	7	0	66	
82	62	121	65	9	0	21	92	44	38	1	18	0	87	73	41	0	85	
69	76	127	48	12	42	23	29	42	3	2	22	0	71	10	72	18	89	
50	60	38	6	37	85	23	0	41	32	19	26	0	8	0	33	51	38	
30	78	0	71	99	29	7	31	60	57	29	0	7	0	70	0	0	0
10	61	13	72	93	37	52	18	73	87	35	5	43	18	78	1	
9	64	42	28	39	49	95	14	80	101	41	13	50	56	22	16	
10	73	61	56	70	115	12	79	95	45	26	0	83	52	0	0
12	40	68	88	79	91	10	66	60	55	33	11	95	82	
15	80	48	80	73	11	9	17	2	65	37	55	48	100	
27	75	37	61	10	74	16	86	0	104	0	0	0	0
47	13	39	13	82	0	104	0	78	0
62	31	21	87	0	105	0	3	0
67	28	24	92	0	84	12	0
73	35	32	98	0	3	49	
69	34	37	93	13	80	0
67	34	40	96	26	98	
57	32	40	93	34	109	
44	42	44	89	40	99	
33	61	45	81	19	69	
27	73	48	79	0	3	
15	79	36	74		0
11	69	18	71	
16	54	5	61	
32	41	56	0
46	38	50	
57	35	39	
63	30	26	
69	27	11	
72	27	0	
76	32	
68	37	
52	42	
27	53	
1	66	
0	78	
70	0
34	
0	
