r1WEkhzgz	r1WoJxmgG	rJ6QhWmlG	Hyw5N1mgM	HJ5nUZQxz	BJdHbjzef	HJT8c1mgM	B1DA5bQez	HktHigXgM	Hy0Q7lXgz	rJ8BPeQxG	HJuXr3Mlz	Skx5Zl7gM	SySxTyXgz	By7oz84xG	SkWJSeQlf	SJlJLiMlz	BJpmFx7xG
5	15	1	9	5	20	1	6	32	0	1	24	4	0	53	23	56	0
16	54	8	44	49	77	12	22	118	1	8	84	11	8	106	62	116	35
27	93	13	77	90	117	37	39	76	4	33	121	34	53	127	94	63	90
39	113	17	92	108	127	79	61	80	6	78	112	65	88	84	68	0	64
37	127	21	103	114	27	100	81	123	7	105	42	99	104	0	0	35	7
34	125	23	115	85	0	105	104	93	10	102	0	121	59	0	0	121	70
37	106	29	109	12	0	86	109	119	15	32	1	90	3	51	29	127	127
37	77	34	106	0	0	10	46	89	52	0	23	11	50	104	83	38	55
47	46	38	77	0	0	8	0	123	102	8	71	0	95	121	114
59	15	45	38	21	12	52	1	91	103	57	109	24	116	114	127
79	14	53	27	65	32	60	20	97	38	105	127	78	127	48	36
113	15	58	21	97	65	0	64	114	80	127	119	114	125
127	18	71	15	111	82	13	100	51	127	100	75	127	104
117	23	84	12	56	92	67	122	127	115	12	1	90	26
98	41	96	15	0	40	104	127	118	52
63	72	106	24	0	0	126	95	0
50	95	113	47	0	0	127	4
45	103	119	56	14	0	102
56	112	127	80	57	0	4
55	106	121	95	93	32
55	103	124	103	114	65
51	87	121	103	127	85
68	67	115	115	115	100
98	50	105	118	80	47
117	41	102	127	3	0
127	23	96	92
111	17	92	38
87	24	79	0
66	49	73
61	70	65
56	87	51
48	96	34
43	106	14
43	110	0
51	116
59	104
68	80
85	41
106	2
125	0
113
55
0

