rJ6QhWmlG	BJdHbjzef	SkWJSeQlf	Hyw5N1mgM	By7oz84xG	rJ8BPeQxG	B1DA5bQez	HktHigXgM	SJlJLiMlz	HJuXr3Mlz	Skx5Zl7gM	Hy0Q7lXgz	r1WEkhzgz	r1WoJxmgG	BJpmFx7xG	HJ5nUZQxz	HJT8c1mgM	SySxTyXgz
13	4	4	2	16	6	1	6	6	12	0	0	1	0	3	6	0	27
44	34	15	13	40	27	5	33	11	39	34	17	34	36	18	38	5	71
74	85	35	28	65	49	14	68	19	78	67	37	78	85	51	80	10	90
102	121	42	39	82	74	22	91	41	109	96	56	111	125	92	111	13	96
127	127	22	48	100	97	26	112	80	121	111	75	127	127	116	126	19	75
96	115	37	50	116	110	31	95	119	127	116	98	107	82	117	107	21	44
37	111	61	55	98	119	39	51	127	123	114	112	7	22	67	1	27	46
0	107	83	72	61	82	47	3	127	111	99	119	0	18	3	0	34	69
0	111	105	96	25	25	56	16	127	75	58	127	0	25	0	0	45	98
0	107	123	112	12	0	65	54	124	15	5	107	0	40	0	0	69	112
0	101	127	114	1	0	77	92	5	0	0	81	0	65	12	25	98	127
0	16	101	85	0	0	71	114	0	0	16	44	0	89	55	64	116	98
0	0	31	50	0	0	32	124	0	1	60	65	0	118	94	96	127	0
25	0	7	31	0	0	14	94	1	16	91	93	14	114	118	127	122
60	0	2	26	0	2	14	33	15	49	103	106	59	80	127	127	79
91	0	0	26	1	21	21	0	52	85	124	118	103	27	102	91	2
110	0	0	28	16	44	31	2	99	111	127	124	118	7	41	3
107	6	0	39	36	64	49	43	127	123	119	102	100
76	34	0	55	52	85	76	102	127	127	93	37	11
0	69	9	66	74	100	90	125	127	127	49
0	95	31	64	89	110	110	127	127	127	3
0	95	37	64	103	127	112	112	127	124
0	95	24	74	112	127	127	70	127	57
0	89	42	101	122	82	100	3	55
0	91	68	116	127	53	1
0	99	81	127	111	23	0
16	89	94	125	86
51	95	105	101	49
88	77	118	11
115	16	79	0
111
59
3

